Symbol,Target_Period,Target_Return,Opportunity_Prob,NaiveBayes_Accuracy
NIFTY,3,0.01,,0.8866161616161616
BANKNIFTY,3,0.01,,0.8866161616161616
SBIN,3,0.01,,0.8866161616161616
TATAMOTORS,3,0.01,,0.8866161616161616
HDFCBANK,3,0.01,,0.8866161616161616
RELIANCE,3,0.01,,0.8866161616161616
INFY,3,0.01,,0.8866161616161616
GRASIM,3,0.01,,0.8866161616161616
ICICIBANK,3,0.01,,0.8866161616161616
AXISBANK,3,0.01,,0.8866161616161616
BHARTIARTL,3,0.01,,0.8866161616161616
ADANIENT,3,0.01,0.7521494835273077,0.8866161616161616
TRENT,3,0.01,,0.8866161616161616
KOTAKBANK,3,0.01,,0.8866161616161616
TITAN,3,0.01,,0.8866161616161616
ETERNAL,3,0.01,,0.8866161616161616
INDUSINDBK,3,0.01,,0.8866161616161616
NIFTY,3,0.015,,0.4825757575757576
BANKNIFTY,3,0.015,,0.4825757575757576
SBIN,3,0.015,,0.4825757575757576
TATAMOTORS,3,0.015,0.7538292442621924,0.4825757575757576
HDFCBANK,3,0.015,,0.4825757575757576
RELIANCE,3,0.015,,0.4825757575757576
INFY,3,0.015,,0.4825757575757576
GRASIM,3,0.015,,0.4825757575757576
ICICIBANK,3,0.015,,0.4825757575757576
AXISBANK,3,0.015,,0.4825757575757576
BHARTIARTL,3,0.015,,0.4825757575757576
ADANIENT,3,0.015,0.9666356551411122,0.4825757575757576
TRENT,3,0.015,,0.4825757575757576
KOTAKBANK,3,0.015,0.7409498228143695,0.4825757575757576
TITAN,3,0.015,,0.4825757575757576
ETERNAL,3,0.015,,0.4825757575757576
INDUSINDBK,3,0.015,0.9332764382428269,0.4825757575757576
NIFTY,3,0.02,,0.25
BANKNIFTY,3,0.02,,0.25
SBIN,3,0.02,,0.25
TATAMOTORS,3,0.02,0.9146005731432901,0.25
HDFCBANK,3,0.02,,0.25
RELIANCE,3,0.02,0.7837613352120072,0.25
INFY,3,0.02,0.8313514940690874,0.25
GRASIM,3,0.02,,0.25
ICICIBANK,3,0.02,,0.25
AXISBANK,3,0.02,0.7704521079639635,0.25
BHARTIARTL,3,0.02,0.7844870382760353,0.25
ADANIENT,3,0.02,0.9908909242152176,0.25
TRENT,3,0.02,,0.25
KOTAKBANK,3,0.02,0.89750333976081,0.25
TITAN,3,0.02,,0.25
ETERNAL,3,0.02,,0.25
INDUSINDBK,3,0.02,0.9880842350221922,0.25
NIFTY,5,0.01,,0.9512626262626263
BANKNIFTY,5,0.01,,0.9512626262626263
SBIN,5,0.01,,0.9512626262626263
TATAMOTORS,5,0.01,,0.9512626262626263
HDFCBANK,5,0.01,,0.9512626262626263
RELIANCE,5,0.01,,0.9512626262626263
INFY,5,0.01,,0.9512626262626263
GRASIM,5,0.01,,0.9512626262626263
ICICIBANK,5,0.01,,0.9512626262626263
AXISBANK,5,0.01,,0.9512626262626263
BHARTIARTL,5,0.01,,0.9512626262626263
ADANIENT,5,0.01,,0.9512626262626263
TRENT,5,0.01,,0.9512626262626263
KOTAKBANK,5,0.01,,0.9512626262626263
TITAN,5,0.01,,0.9512626262626263
ETERNAL,5,0.01,,0.9512626262626263
INDUSINDBK,5,0.01,,0.9512626262626263
NIFTY,5,0.015,,0.9694444444444444
BANKNIFTY,5,0.015,,0.9694444444444444
SBIN,5,0.015,,0.9694444444444444
TATAMOTORS,5,0.015,,0.9694444444444444
HDFCBANK,5,0.015,,0.9694444444444444
RELIANCE,5,0.015,,0.9694444444444444
INFY,5,0.015,,0.9694444444444444
GRASIM,5,0.015,,0.9694444444444444
ICICIBANK,5,0.015,,0.9694444444444444
AXISBANK,5,0.015,,0.9694444444444444
BHARTIARTL,5,0.015,,0.9694444444444444
ADANIENT,5,0.015,,0.9694444444444444
TRENT,5,0.015,,0.9694444444444444
KOTAKBANK,5,0.015,,0.9694444444444444
TITAN,5,0.015,,0.9694444444444444
ETERNAL,5,0.015,,0.9694444444444444
INDUSINDBK,5,0.015,,0.9694444444444444
NIFTY,5,0.02,,0.9108585858585858
BANKNIFTY,5,0.02,,0.9108585858585858
SBIN,5,0.02,,0.9108585858585858
TATAMOTORS,5,0.02,,0.9108585858585858
HDFCBANK,5,0.02,,0.9108585858585858
RELIANCE,5,0.02,,0.9108585858585858
INFY,5,0.02,,0.9108585858585858
GRASIM,5,0.02,,0.9108585858585858
ICICIBANK,5,0.02,,0.9108585858585858
AXISBANK,5,0.02,,0.9108585858585858
BHARTIARTL,5,0.02,,0.9108585858585858
ADANIENT,5,0.02,,0.9108585858585858
TRENT,5,0.02,,0.9108585858585858
KOTAKBANK,5,0.02,,0.9108585858585858
TITAN,5,0.02,,0.9108585858585858
ETERNAL,5,0.02,,0.9108585858585858
INDUSINDBK,5,0.02,,0.9108585858585858
NIFTY,7,0.01,,0.8075757575757576
BANKNIFTY,7,0.01,,0.8075757575757576
SBIN,7,0.01,,0.8075757575757576
TATAMOTORS,7,0.01,,0.8075757575757576
HDFCBANK,7,0.01,,0.8075757575757576
RELIANCE,7,0.01,,0.8075757575757576
INFY,7,0.01,,0.8075757575757576
GRASIM,7,0.01,,0.8075757575757576
ICICIBANK,7,0.01,,0.8075757575757576
AXISBANK,7,0.01,,0.8075757575757576
BHARTIARTL,7,0.01,,0.8075757575757576
ADANIENT,7,0.01,,0.8075757575757576
TRENT,7,0.01,,0.8075757575757576
KOTAKBANK,7,0.01,,0.8075757575757576
TITAN,7,0.01,,0.8075757575757576
ETERNAL,7,0.01,,0.8075757575757576
INDUSINDBK,7,0.01,,0.8075757575757576
NIFTY,7,0.015,,0.44217171717171716
BANKNIFTY,7,0.015,,0.44217171717171716
SBIN,7,0.015,,0.44217171717171716
TATAMOTORS,7,0.015,0.7369036849189265,0.44217171717171716
HDFCBANK,7,0.015,,0.44217171717171716
RELIANCE,7,0.015,,0.44217171717171716
INFY,7,0.015,,0.44217171717171716
GRASIM,7,0.015,,0.44217171717171716
ICICIBANK,7,0.015,,0.44217171717171716
AXISBANK,7,0.015,,0.44217171717171716
BHARTIARTL,7,0.015,,0.44217171717171716
ADANIENT,7,0.015,0.9275899603022044,0.44217171717171716
TRENT,7,0.015,,0.44217171717171716
KOTAKBANK,7,0.015,0.7129184011656263,0.44217171717171716
TITAN,7,0.015,,0.44217171717171716
ETERNAL,7,0.015,,0.44217171717171716
INDUSINDBK,7,0.015,0.9152682276947577,0.44217171717171716
NIFTY,7,0.02,,0.22828282828282828
BANKNIFTY,7,0.02,,0.22828282828282828
SBIN,7,0.02,0.8483624309322031,0.22828282828282828
TATAMOTORS,7,0.02,0.9587144441699601,0.22828282828282828
HDFCBANK,7,0.02,0.8520418478424797,0.22828282828282828
RELIANCE,7,0.02,0.9000564357542553,0.22828282828282828
INFY,7,0.02,0.8852610912049452,0.22828282828282828
GRASIM,7,0.02,0.8578700146026629,0.22828282828282828
ICICIBANK,7,0.02,0.8564005772480855,0.22828282828282828
AXISBANK,7,0.02,0.9017427613481626,0.22828282828282828
BHARTIARTL,7,0.02,0.8944382203539141,0.22828282828282828
ADANIENT,7,0.02,0.9762689717530361,0.22828282828282828
TRENT,7,0.02,,0.22828282828282828
KOTAKBANK,7,0.02,0.9329342112645442,0.22828282828282828
TITAN,7,0.02,0.7472197973534913,0.22828282828282828
ETERNAL,7,0.02,,0.22828282828282828
INDUSINDBK,7,0.02,0.9923552099196684,0.22828282828282828
